16491744
18638591
18765906
21448071
21488451
21488453
23325893
23721907
24272337
27399694
28896683
30300442
5700410315
5700410316
5700413167
5700575382
5701269965
5701270299
5800757884
5800782399
5801459097
5900703155
5900703160
5900703161
5900703162
5900703163
5900806420
5900973168
5901014879
6000589818
6000589819
6000591355
6000754587
6000755823
6001444568
6001451597
6100968627
6101404511
6101425752
6200406068
6200613994
6200872130
6200872137
6300276136
6400019876
6400019884
6500734714
6700542018
6800122573
A628276
B293019
